spawns:
  default:
    world: 647702cc-8bc0-46e2-9507-20b26f781228
    world-name: void
    x: -48.77230830417415
    y: 74.0
    z: 28.722357194022234
    yaw: 63.152099609375
    pitch: 28.05008316040039
